1 39.25581104358037 90.23373866081238 165.24529433250427 2445.5824012756348
2 37.788219185670215 180.32381796836853 255.33581256866455 2447.6169691085815
4 35.403348831335705 360.5031101703644 385.51803731918335 2484.7040400505066
6 32.401111551125844 540.6482877731323 560.6563227176666 2484.714980840683
8 30.049658250808715 720.8285851478577 745.8575003147125 2523.8080801963806
3 42.44618587493896 270.4137234687805 375.51083874702454 2817.1848759651184
10 32.570756506919864 901.0037262439728 926.0206553936005 2855.2491166591644
7 35.307186627388 745.8506305217743 921.0131764411926 2864.2818281650543
0 57.196095236142476 0.16075730323791504 265.34349155426025 3431.9264714717865
9 43.93416746854782 810.9154369831085 1111.1769545078278 3446.965485095978
16 34.109844235579175 1441.4497349262238 1466.458149433136 3488.040389060974
15 37.39586968421936 1351.4490838050842 1436.4610323905945 3595.201264858246
11 41.73433781067531 1116.1901149749756 1301.3547971248627 3620.250383615494
14 38.200472525755565 1666.6272513866425 1840.8450009822845 3958.6556029319763
19 49.67948141098022 1711.7033441066742 1866.8791031837463 4692.472228765488
13 61.07449532747269 1481.4784545898438 1661.6141571998596 5145.948174238205
12 65.26148414611816 1306.3677024841309 1476.4655406475067 5222.056751251221
5 81.26034959554673 450.56843614578247 740.8374335765839 5326.189411878586
17 65.14452157417933 1867.8929438591003 2125.1643345355988 6472.56423830986
18 78.68046958843867 2126.178295612335 2292.352025747299 6847.006470918655
